0.079226 
-0.617603 
0.142975 
0.300598 
-0.141424 
-0.162222 
-0.285853 
-0.077433 
0.520568 
0.046096 
0.265652 
0.493831 
-0.798555 
0.591896 
0.103927 
0.044333 
0.821583 
0.513085 
0.417362 
0.510266 
0.392326 
-0.180671 
-0.234728 
-0.521487 
0.923766 
-0.492878 
0.159697 
-0.520911 
-0.184567 
0.075389 
0.255527 
-0.263609 
-0.257330 
-0.458742 
0.358910 
0.438645 
-0.091808 
-0.041388 
-0.115686 
0.507501 
-0.319134 
-0.583113 
0.610682 
-0.318379 
-0.703569 
-0.246161 
-0.139563 
-1.037043 
0.236643 
-0.112679 
0.259535 
0.214484 
0.384635 
0.321139 
0.071886 
-0.047998 
0.016376 
-0.815032 
-0.462789 
-0.196860 
-0.514116 
0.207080 
-0.785301 
