-0.234413 
0.573779 
-0.089785 
-0.730003 
-0.615314 
-0.678945 
0.026276 
0.140873 
-0.529191 
-0.356548 
-0.333109 
-0.129734 
0.522904 
0.813044 
-0.688284 
0.056642 
-0.541612 
-0.132145 
0.335521 
0.353679 
0.691397 
0.315439 
0.015443 
0.572112 
0.020090 
-0.173388 
0.004764 
-1.461615 
1.295103 
-1.234783 
-0.097950 
1.010050 
0.048232 
-0.646810 
-0.585162 
0.026978 
-0.366832 
-0.020814 
-0.751610 
0.331645 
0.412641 
-0.356609 
-0.120457 
-0.797540 
-0.223151 
-0.026246 
0.169592 
0.461118 
-0.407804 
0.061103 
0.342425 
-0.035643 
-0.571742 
-0.223426 
-0.249850 
-0.081949 
-0.013415 
-0.597351 
0.196234 
0.316355 
0.425642 
-0.319987 
-0.452101 
-0.171026 
0.981048 
-0.533860 
0.524064 
-0.962889 
-0.527085 
-0.228156 
1.643723 
0.043274 
0.739676 
-0.793722 
-0.187193 
