0.056919 
0.721408 
0.299234 
0.958803 
-0.974380 
0.343489 
-1.282108 
1.533536 
-0.919081 
-0.542819 
-1.033504 
0.031908 
-2.379741 
-0.417717 
-0.351412 
0.744012 
2.109510 
0.377595 
0.496312 
0.321370 
-0.601049 
-0.256485 
0.546180 
0.839714 
0.225227 
-0.840499 
0.414636 
-0.517672 
-0.240371 
-0.452115 
-0.264640 
-0.421290 
-0.548455 
1.258076 
-0.502483 
1.306513 
-0.188942 
1.302289 
-0.866154 
0.917598 
0.754810 
-0.077438 
-0.407973 
-0.687577 
0.375026 
-1.843152 
1.013958 
0.789967 
0.471231 
-0.514924 
1.527521 
0.049717 
-1.291004 
0.076705 
-0.281586 
-0.519941 
0.337909 
0.715945 
-1.188705 
0.595007 
0.225420 
-0.500339 
-0.446719 
-0.663378 
0.237995 
0.802442 
-0.338820 
-2.855541 
-0.098759 
-0.116218 
1.000963 
0.248734 
-0.224289 
0.847984 
0.024205 
-0.512978 
-0.203650 
-0.045992 
1.041600 
0.919917 
-0.491334 
0.832156 
0.954546 
-0.616395 
0.115533 
0.051112 
0.126776 
-1.009492 
0.388962 
0.532625 
0.439077 
-0.010619 
0.869410 
0.215361 
-0.532209 
0.016482 
-0.364992 
-0.703287 
0.865876 
0.121773 
0.513258 
0.169017 
0.350068 
0.083094 
-0.808317 
0.979872 
-0.416102 
-0.983913 
0.076310 
0.511201 
0.545683 
0.989913 
-0.047132 
-0.030372 
-0.880994 
0.715789 
0.468067 
0.047840 
-0.457785 
0.758530 
-0.417435 
0.491327 
1.713160 
0.728639 
0.277943 
-0.958573 
1.147382 
-0.765615 
1.198410 
-0.094366 
-1.087596 
-0.073308 
0.545172 
0.879404 
0.301659 
-1.007176 
0.313921 
-0.906808 
0.395177 
-0.754319 
-0.924765 
-0.674299 
0.080838 
-0.090358 
-0.685730 
0.431831 
0.318720 
-1.014122 
-0.595468 
0.222609 
0.726806 
0.608680 
-0.906255 
-0.205423 
0.672658 
0.042477 
-0.931367 
0.172385 
0.560635 
-0.242752 
-0.571684 
0.184032 
-0.209866 
-0.199797 
0.418226 
-0.884536 
0.645185 
0.891416 
-0.557610 
-0.970152 
0.037275 
0.455709 
0.444635 
1.984514 
-1.098340 
-0.557090 
2.561573 
1.518777 
-0.119614 
-0.871208 
2.123338 
-0.887891 
1.654669 
1.703590 
-2.354240 
-1.486646 
-1.159319 
-0.088476 
-0.196829 
0.993774 
-0.888330 
-0.674603 
0.635089 
0.309315 
0.736046 
-0.777887 
0.768351 
-0.920771 
-0.673010 
0.624672 
2.324959 
0.600508 
-1.708042 
-2.457465 
-0.380316 
-1.042388 
-1.162113 
1.199196 
-0.599266 
-0.401819 
0.648901 
-0.974425 
0.267593 
-0.017764 
-0.155896 
0.259777 
0.953488 
0.217481 
-0.111105 
0.987060 
1.927920 
0.101925 
0.689323 
-0.258719 
0.727916 
-1.768510 
0.252294 
1.347409 
-0.448426 
0.663798 
-1.724951 
0.651499 
-1.268128 
-0.728006 
1.531406 
0.157199 
-0.198752 
0.724722 
1.065195 
-0.644204 
0.883172 
-0.282427 
-0.028627 
0.640603 
0.235183 
-0.035952 
0.281145 
0.692791 
0.747543 
-0.419093 
-5.551732 
1.802412 
0.095529 
2.295584 
-3.030470 
-4.012633 
2.846284 
1.926645 
2.534284 
1.882810 
0.700465 
-1.985819 
-1.367264 
-2.097312 
-0.841552 
1.195207 
-0.951242 
-3.955066 
1.806668 
0.801403 
2.876846 
0.485524 
-2.074142 
-2.693292 
1.575861 
